{
  "w": 1080.0,
  "h": 1920.0,
  "fl_x": 1576.2519976269018,
  "fl_y": 1573.0667647564399,
  "cx": 542.2551333167995,
  "cy": 955.6626291449302,
  "k1": 0.0,
  "k2": 0.0,
  "p1": 0.0,
  "p2": 0.0,
  "camera_model": "OPENCV",
  "frames": [
    {
      "file_path": "images/frame_00001.png",
      "transform_matrix": [
        [
          0.3941154232465863,
          0.3093847570635793,
          -0.8654213455051093,
          -3.2377967614692746
        ],
        [
          -0.8403752579781715,
          -0.25990530300268133,
          -0.47562449395421863,
          -1.027128380929829
        ],
        [
          -0.3720785655440074,
          0.9147296352298829,
          0.1575666065348853,
          1.1984501583199474
        ],
        [
          0.0,
          0.0,
          0.0,
          1.0
        ]
      ],
      "colmap_im_id": 1
    },
    {
      "file_path": "images/frame_00002.png",
      "transform_matrix": [
        [
          0.43574975545158307,
          0.3001940008748608,
          -0.8485315035180664,
          -3.118031215472126
        ],
        [
          -0.8243784570062472,
          -0.24529617988738295,
          -0.5101273799323617,
          -1.1514555187999695
        ],
        [
          -0.3612787154647848,
          0.9217989726460974,
          0.140585716844615,
          1.0883188265887513
        ],
        [
          0.0,
          0.0,
          0.0,
          1.0
        ]
      ],
      "colmap_im_id": 2
    },
    {
      "file_path": "images/frame_00003.png",
      "transform_matrix": [
        [
          0.45997522248630257,
          0.29521377288105993,
          -0.8374196218145395,
          -3.0674422449532996
        ],
        [
          -0.8135460544448017,
          -0.23775145508906156,
          -0.5306760432696482,
          -1.3499093547540215
        ],
        [
          -0.3557606105177638,
          0.925377260312984,
          0.13081022169411696,
          0.9550398676034318
        ],
        [
          0.0,
          0.0,
          0.0,
          1.0
        ]
      ],
      "colmap_im_id": 3
    },
    {
      "file_path": "images/frame_00004.png",
      "transform_matrix": [
        [
          0.49577180606513427,
          0.28347999176865396,
          -0.820883311182386,
          -3.0409445273436995
        ],
        [
          -0.7959913367862879,
          -0.2296603372300146,
          -0.5600481419169018,
          -1.625304647459669
        ],
        [
          -0.34728678073329106,
          0.9310720830151874,
          0.11178849743004472,
          0.8260704504005786
        ],
        [
          0.0,
          0.0,
          0.0,
          1.0
        ]
      ],
      "colmap_im_id": 4
    },
    {
      "file_path": "images/frame_00005.png",
      "transform_matrix": [
        [
          0.5574539590604655,
          0.26277499022756984,
          -0.7875242142554811,
          -2.9791361362476168
        ],
        [
          -0.7613568830027757,
          -0.21642042393141672,
          -0.6111447429289096,
          -1.9850354183719372
        ],
        [
          -0.33102987815620205,
          0.9402720375594747,
          0.07942112534863502,
          0.7892479507629443
        ],
        [
          0.0,
          0.0,
          0.0,
          1.0
        ]
      ],
      "colmap_im_id": 5
    },
    {
      "file_path": "images/frame_00006.png",
      "transform_matrix": [
        [
          0.6396336160404281,
          0.23114528804957601,
          -0.7331034668063744,
          -2.6435328291657703
        ],
        [
          -0.7058560283516992,
          -0.2010075179939214,
          -0.6792372523275565,
          -2.3470000045932684
        ],
        [
          -0.3043617986387439,
          0.9519284813064487,
          0.03458412940911979,
          0.8053353448399596
        ],
        [
          0.0,
          0.0,
          0.0,
          1.0
        ]
      ],
      "colmap_im_id": 6
    },
    {
      "file_path": "images/frame_00007.png",
      "transform_matrix": [
        [
          0.7169529832801005,
          0.20674835695851224,
          -0.6657578663904168,
          -2.175313833239165
        ],
        [
          -0.6416540514354937,
          -0.17760072922529974,
          -0.7461488184370857,
          -2.436636500964437
        ],
        [
          -0.2725041248168204,
          0.9621398535938513,
          0.005329548219260788,
          0.786586444057069
        ],
        [
          0.0,
          0.0,
          0.0,
          1.0
        ]
      ],
      "colmap_im_id": 7
    },
    {
      "file_path": "images/frame_00008.png",
      "transform_matrix": [
        [
          0.7991203270571242,
          0.18571683736917655,
          -0.5717656505962089,
          -1.692537129956386
        ],
        [
          -0.5549788128048883,
          -0.13770668603305453,
          -0.8203873389804783,
          -2.464979656948365
        ],
        [
          -0.23109569494430635,
          0.9729060206101023,
          -0.006975302059663017,
          0.6680206780799652
        ],
        [
          0.0,
          0.0,
          0.0,
          1.0
        ]
      ],
      "colmap_im_id": 8
    },
    {
      "file_path": "images/frame_00009.png",
      "transform_matrix": [
        [
          0.8640889608387451,
          0.16348846047868212,
          -0.4760480974092091,
          -1.4588349046393725
        ],
        [
          -0.4661669400140623,
          -0.09677318581391763,
          -0.8793880454869457,
          -2.4273780224272397
        ],
        [
          -0.18983848870696135,
          0.9817873872675975,
          -0.007407726218045689,
          0.5386716588192664
        ],
        [
          0.0,
          0.0,
          0.0,
          1.0
        ]
      ],
      "colmap_im_id": 9
    },
    {
      "file_path": "images/frame_00010.png",
      "transform_matrix": [
        [
          0.9117851994337728,
          0.1402048698215792,
          -0.38599267424632394,
          -1.3389977166147056
        ],
        [
          -0.3802934787856105,
          -0.0664872108635117,
          -0.9224729376977564,
          -2.5562405673916104
        ],
        [
          -0.15499877446822982,
          0.9878876683459029,
          -0.007303057129850247,
          0.546056138884362
        ],
        [
          0.0,
          0.0,
          0.0,
          1.0
        ]
      ],
      "colmap_im_id": 10
    },
    {
      "file_path": "images/frame_00011.png",
      "transform_matrix": [
        [
          0.9353716538862666,
          0.11588120883363563,
          -0.3341428056165894,
          -1.253014852475251
        ],
        [
          -0.32921084379680826,
          -0.05993819295433524,
          -0.9423521811679338,
          -2.6914078899399185
        ],
        [
          -0.1292288258581034,
          0.9914529532280512,
          -0.017915136134335343,
          0.5019830918487047
        ],
        [
          0.0,
          0.0,
          0.0,
          1.0
        ]
      ],
      "colmap_im_id": 11
    },
    {
      "file_path": "images/frame_00012.png",
      "transform_matrix": [
        [
          0.948924921243182,
          0.09693286435359141,
          -0.300242424803407,
          -1.0381295522165483
        ],
        [
          -0.29498864892688426,
          -0.06495380746766857,
          -0.9532904593562995,
          -2.8601663488943148
        ],
        [
          -0.1119070634406635,
          0.9931691813098418,
          -0.03304219194342331,
          0.41133931760958736
        ],
        [
          0.0,
          0.0,
          0.0,
          1.0
        ]
      ],
      "colmap_im_id": 12
    },
    {
      "file_path": "images/frame_00013.png",
      "transform_matrix": [
        [
          0.9582298443557699,
          0.08169411747258706,
          -0.27408326573560193,
          -0.783149095780522
        ],
        [
          -0.268327067164539,
          -0.0748502594566818,
          -0.9604155473992206,
          -3.0611430356728855
        ],
        [
          -0.0989755041047754,
          0.9938427993549294,
          -0.04980300952315058,
          0.43563823931060486
        ],
        [
          0.0,
          0.0,
          0.0,
          1.0
        ]
      ],
      "colmap_im_id": 13
    },
    {
      "file_path": "images/frame_00014.png",
      "transform_matrix": [
        [
          0.9739718617090347,
          0.06077094487778634,
          -0.21837056774597174,
          -0.45723816113557647
        ],
        [
          -0.21300515916979465,
          -0.08404317864947979,
          -0.973429784981712,
          -3.1303860758587696
        ],
        [
          -0.07750880444238205,
          0.9946072774623925,
          -0.06891116638658712,
          0.5322479126991532
        ],
        [
          0.0,
          0.0,
          0.0,
          1.0
        ]
      ],
      "colmap_im_id": 14
    },
    {
      "file_path": "images/frame_00015.png",
      "transform_matrix": [
        [
          0.9911229610875193,
          0.03058998923754144,
          -0.1293813300424552,
          -0.1876855329085153
        ],
        [
          -0.12637672710271108,
          -0.08540559348993428,
          -0.9882989463959977,
          -2.990191031882416
        ],
        [
          -0.04128194341252005,
          0.9958765672306379,
          -0.08078158199123298,
          0.5387451594292999
        ],
        [
          0.0,
          0.0,
          0.0,
          1.0
        ]
      ],
      "colmap_im_id": 15
    },
    {
      "file_path": "images/frame_00016.png",
      "transform_matrix": [
        [
          0.9993434037564183,
          -0.0010459561766847582,
          -0.03621694830066113,
          0.16407035800882572
        ],
        [
          -0.03619471214494448,
          -0.07418698331252134,
          -0.9965872938783298,
          -2.8944008934492125
        ],
        [
          -0.0016444395035740069,
          0.9972438004232789,
          -0.07417613050068703,
          0.5277942207677654
        ],
        [
          0.0,
          0.0,
          0.0,
          1.0
        ]
      ],
      "colmap_im_id": 16
    },
    {
      "file_path": "images/frame_00017.png",
      "transform_matrix": [
        [
          0.9989028106756006,
          -0.02734940115848294,
          0.038015589968557265,
          0.4337350399520655
        ],
        [
          0.036252719557455064,
          -0.06229644277900414,
          -0.9973990643377257,
          -2.886739286209383
        ],
        [
          0.02964650315085431,
          0.9976828972541097,
          -0.061236601616776146,
          0.5438415981304355
        ],
        [
          0.0,
          0.0,
          0.0,
          1.0
        ]
      ],
      "colmap_im_id": 17
    },
    {
      "file_path": "images/frame_00018.png",
      "transform_matrix": [
        [
          0.9908009350344755,
          -0.05854105931523806,
          0.12201004675459712,
          0.6835259017022901
        ],
        [
          0.11871461196990109,
          -0.05681801920931539,
          -0.9913014443639058,
          -2.862701618765499
        ],
        [
          0.06496420583402072,
          0.9966667733336854,
          -0.04934566741848104,
          0.49671609073849216
        ],
        [
          0.0,
          0.0,
          0.0,
          1.0
        ]
      ],
      "colmap_im_id": 18
    },
    {
      "file_path": "images/frame_00019.png",
      "transform_matrix": [
        [
          0.9768660597335382,
          -0.08477005353386532,
          0.19633323550671952,
          0.8802301228697123
        ],
        [
          0.1915842527408076,
          -0.06100755413806585,
          -0.9795782523309904,
          -2.8360488830437203
        ],
        [
          0.0950167113849861,
          0.99453110376798,
          -0.04335560166374906,
          0.34776641155962945
        ],
        [
          0.0,
          0.0,
          0.0,
          1.0
        ]
      ],
      "colmap_im_id": 19
    },
    {
      "file_path": "images/frame_00020.png",
      "transform_matrix": [
        [
          0.9587197841969038,
          -0.10545250247277878,
          0.26407602146289305,
          1.1398252814118062
        ],
        [
          0.25652477340035235,
          -0.07993751818089988,
          -0.9632263668624194,
          -2.7141854123973763
        ],
        [
          0.12268421260023472,
          0.9912062161373418,
          -0.04958650087829875,
          0.10390059282871886
        ],
        [
          0.0,
          0.0,
          0.0,
          1.0
        ]
      ],
      "colmap_im_id": 20
    },
    {
      "file_path": "images/frame_00021.png",
      "transform_matrix": [
        [
          0.9430923126506563,
          -0.11291327029280068,
          0.31277385314476264,
          1.310555183882413
        ],
        [
          0.3011619729037467,
          -0.10877637864633,
          -0.9473484921217287,
          -2.526688412347265
        ],
        [
          0.14099062343276422,
          0.9876326710069767,
          -0.06858098325093696,
          -0.13040211957229123
        ],
        [
          0.0,
          0.0,
          0.0,
          1.0
        ]
      ],
      "colmap_im_id": 21
    },
    {
      "file_path": "images/frame_00022.png",
      "transform_matrix": [
        [
          0.8714405809251444,
          -0.11209788891032268,
          0.47752002808122673,
          1.3770314258841663
        ],
        [
          0.4503945890601681,
          -0.20268550574817323,
          -0.8695190049130206,
          -2.3860609126016126
        ],
        [
          0.19425763321467948,
          0.9728065835825005,
          -0.1261400922640176,
          -0.24874696447446448
        ],
        [
          0.0,
          0.0,
          0.0,
          1.0
        ]
      ],
      "colmap_im_id": 22
    },
    {
      "file_path": "images/frame_00023.png",
      "transform_matrix": [
        [
          0.8263642214647087,
          -0.09765393422114722,
          0.5546042576596016,
          1.3786330253284451
        ],
        [
          0.5157549917181967,
          -0.2641663750569813,
          -0.8149925857374514,
          -2.044376191918306
        ],
        [
          0.2260950286954328,
          0.9595206279285435,
          -0.16793213682563934,
          -0.3859586520838844
        ],
        [
          0.0,
          0.0,
          0.0,
          1.0
        ]
      ],
      "colmap_im_id": 23
    },
    {
      "file_path": "images/frame_00024.png",
      "transform_matrix": [
        [
          0.7974830903321297,
          -0.08944138373840427,
          0.5966749194572165,
          1.7692449202994136
        ],
        [
          0.5508597843544886,
          -0.2954801476110028,
          -0.7805414661302154,
          -1.4962832373735118
        ],
        [
          0.2461183020728908,
          0.9511528380038297,
          -0.18637075989011195,
          -0.5660633501936205
        ],
        [
          0.0,
          0.0,
          0.0,
          1.0
        ]
      ],
      "colmap_im_id": 24
    },
    {
      "file_path": "images/frame_00025.png",
      "transform_matrix": [
        [
          0.7799476111702344,
          -0.08569409243838985,
          0.619950196669866,
          2.1785326552469124
        ],
        [
          0.5708781910551022,
          -0.30853230978201196,
          -0.7608586628265666,
          -1.1400976793573603
        ],
        [
          0.2564757587131759,
          0.9473459433289074,
          -0.19171814950797814,
          -0.44214615612622427
        ],
        [
          0.0,
          0.0,
          0.0,
          1.0
        ]
      ],
      "colmap_im_id": 25
    },
    {
      "file_path": "images/frame_00026.png",
      "transform_matrix": [
        [
          0.725997099209073,
          -0.055214676175852254,
          0.6854776082957099,
          2.3902748398542792
        ],
        [
          0.6278202469356555,
          -0.35358311342439386,
          -0.6934123732951148,
          -0.9934418031092019
        ],
        [
          0.28065984657172344,
          0.9337720928770079,
          -0.22203542304422658,
          -0.252845019318831
        ],
        [
          0.0,
          0.0,
          0.0,
          1.0
        ]
      ],
      "colmap_im_id": 26
    },
    {
      "file_path": "images/frame_00027.png",
      "transform_matrix": [
        [
          0.6296709818133198,
          -0.05029658124084378,
          0.7752320353144162,
          2.5263752875847505
        ],
        [
          0.712136778081368,
          -0.36140440680494823,
          -0.6018704711529309,
          -0.9266576505715531
        ],
        [
          0.3104443009078079,
          0.931051614389582,
          -0.19174782235116974,
          -0.12345544508568446
        ],
        [
          0.0,
          0.0,
          0.0,
          1.0
        ]
      ],
      "colmap_im_id": 27
    },
    {
      "file_path": "images/frame_00028.png",
      "transform_matrix": [
        [
          0.567255953031674,
          -0.049929503194996463,
          0.8220265983901179,
          2.778174335021478
        ],
        [
          0.7557248164129087,
          -0.3650937866618944,
          -0.5436786999676876,
          -0.8572605032462388
        ],
        [
          0.3272624109301326,
          0.929630879248092,
          -0.16936865926320907,
          -0.03293320556093747
        ],
        [
          0.0,
          0.0,
          0.0,
          1.0
        ]
      ],
      "colmap_im_id": 28
    },
    {
      "file_path": "images/frame_00029.png",
      "transform_matrix": [
        [
          0.534115724311121,
          -0.04898528648995892,
          0.8439910157999931,
          2.9648275933596615
        ],
        [
          0.7763451275866337,
          -0.3667898136157841,
          -0.5125948453702911,
          -0.6425374823414464
        ],
        [
          0.3346769127324154,
          0.9290132799563174,
          -0.15787871847942075,
          0.042311934531935505
        ],
        [
          0.0,
          0.0,
          0.0,
          1.0
        ]
      ],
      "colmap_im_id": 29
    },
    {
      "file_path": "images/frame_00030.png",
      "transform_matrix": [
        [
          0.48637230001390397,
          -0.04841653504330803,
          0.872409207260896,
          3.184768713919467
        ],
        [
          0.8030163009168433,
          -0.3687800384190853,
          -0.4681517956020762,
          -0.4973729219811349
        ],
        [
          0.3443933887881925,
          0.9282548800830609,
          -0.14048512861141846,
          0.12447059807361596
        ],
        [
          0.0,
          0.0,
          0.0,
          1.0
        ]
      ],
      "colmap_im_id": 30
    },
    {
      "file_path": "images/frame_00031.png",
      "transform_matrix": [
        [
          0.429040391906133,
          -0.03152061362481708,
          0.9027351732538987,
          3.310923897647047
        ],
        [
          0.8308364959600133,
          -0.3783915724752092,
          -0.40808152967345285,
          -0.3968568205868849
        ],
        [
          0.35445036196048446,
          0.9251087875468775,
          -0.13615679237418918,
          0.228520689425427
        ],
        [
          0.0,
          0.0,
          0.0,
          1.0
        ]
      ],
      "colmap_im_id": 31
    },
    {
      "file_path": "images/frame_00032.png",
      "transform_matrix": [
        [
          0.37677905225332226,
          -0.004183071675894428,
          0.9262937156725405,
          3.3436697263604676
        ],
        [
          0.85235584057163,
          -0.3899507737948951,
          -0.3484650844205073,
          -0.19795471904468503
        ],
        [
          0.3626666056125336,
          0.9208262028896205,
          -0.14335981740141163,
          0.22538871264883395
        ],
        [
          0.0,
          0.0,
          0.0,
          1.0
        ]
      ],
      "colmap_im_id": 32
    },
    {
      "file_path": "images/frame_00033.png",
      "transform_matrix": [
        [
          0.33282004074794425,
          0.009971638534435081,
          0.9429376368039804,
          3.436872471786649
        ],
        [
          0.8687525667335145,
          -0.39213457557894377,
          -0.302488764137533,
          0.1151567364234603
        ],
        [
          0.3667421413888337,
          0.9198538150491414,
          -0.13917313199419115,
          0.21104955256156568
        ],
        [
          0.0,
          0.0,
          0.0,
          1.0
        ]
      ],
      "colmap_im_id": 33
    },
    {
      "file_path": "images/frame_00034.png",
      "transform_matrix": [
        [
          0.2562484603895986,
          0.01788913977615491,
          0.9664453969190551,
          3.7047648232116184
        ],
        [
          0.8909636586814927,
          -0.3921140489336947,
          -0.22897670522940253,
          0.403437837093177
        ],
        [
          0.37486062137393006,
          0.919742654935006,
          -0.11641719476201864,
          0.10563497138352154
        ],
        [
          0.0,
          0.0,
          0.0,
          1.0
        ]
      ],
      "colmap_im_id": 34
    },
    {
      "file_path": "images/frame_00035.png",
      "transform_matrix": [
        [
          0.1702382657013964,
          0.01889999205373614,
          0.9852216619580325,
          4.039568122381317
        ],
        [
          0.9096924612382262,
          -0.38734028693263983,
          -0.14975689662007924,
          0.5923904186593741
        ],
        [
          0.37878563707896534,
          0.9217430728892454,
          -0.0831333189724397,
          0.00047394181753133665
        ],
        [
          0.0,
          0.0,
          0.0,
          1.0
        ]
      ],
      "colmap_im_id": 35
    },
    {
      "file_path": "images/frame_00036.png",
      "transform_matrix": [
        [
          0.09859779151246813,
          0.018352365341029485,
          0.9949581228349532,
          4.293463641771945
        ],
        [
          0.9199268777844909,
          -0.3829647345360532,
          -0.08409846390635997,
          0.7730887367699342
        ],
        [
          0.37949046765174865,
          0.923580642276634,
          -0.05464231120054712,
          -0.20933152730709764
        ],
        [
          0.0,
          0.0,
          0.0,
          1.0
        ]
      ],
      "colmap_im_id": 36
    },
    {
      "file_path": "images/frame_00037.png",
      "transform_matrix": [
        [
          0.061191374028772866,
          0.02005413373433685,
          0.9979245700275328,
          4.38835573875928
        ],
        [
          0.9232533834879553,
          -0.38105984521388997,
          -0.04895492052499388,
          1.0714639010553064
        ],
        [
          0.3792872336666672,
          0.9243328545960765,
          -0.041832622338975806,
          -0.21920237982098784
        ],
        [
          0.0,
          0.0,
          0.0,
          1.0
        ]
      ],
      "colmap_im_id": 37
    },
    {
      "file_path": "images/frame_00038.png",
      "transform_matrix": [
        [
          0.047113176289037724,
          0.019131425682654135,
          0.9987063317969427,
          4.213918219314819
        ],
        [
          0.9238377929390423,
          -0.381060855421358,
          -0.03628163175851143,
          1.3556727277925413
        ],
        [
          0.37987376976763665,
          0.9243519962746292,
          -0.0356273213367581,
          -0.11259418757124438
        ],
        [
          0.0,
          0.0,
          0.0,
          1.0
        ]
      ],
      "colmap_im_id": 38
    },
    {
      "file_path": "images/frame_00039.png",
      "transform_matrix": [
        [
          0.009556428472957044,
          0.017718102435676036,
          0.9997973512271976,
          3.950416360684247
        ],
        [
          0.9255772010193486,
          -0.3785528657503332,
          -0.002138407210655052,
          1.5994646280831823
        ],
        [
          0.3784382639586405,
          0.9254100694709828,
          -0.02001708504456316,
          -0.0701370050966037
        ],
        [
          0.0,
          0.0,
          0.0,
          1.0
        ]
      ],
      "colmap_im_id": 39
    },
    {
      "file_path": "images/frame_00040.png",
      "transform_matrix": [
        [
          -0.07425195467134989,
          0.014797674164127193,
          0.9971297187762559,
          3.7018714780939557
        ],
        [
          0.9243660961150219,
          -0.37418439339638593,
          0.0743865585415272,
          1.8111693215093128
        ],
        [
          0.3742111270132907,
          0.9272362528384612,
          0.014105454318518803,
          -0.006684414125994785
        ],
        [
          0.0,
          0.0,
          0.0,
          1.0
        ]
      ],
      "colmap_im_id": 40
    },
    {
      "file_path": "images/frame_00041.png",
      "transform_matrix": [
        [
          -0.1766945813379322,
          0.01289121410519352,
          0.9841813052099234,
          3.540010660542339
        ],
        [
          0.9141886036717594,
          -0.3683935345066121,
          0.16895384177462783,
          2.1387721351246713
        ],
        [
          0.36474404976982594,
          0.9295805615075112,
          0.05330814032478615,
          -0.025944729610450284
        ],
        [
          0.0,
          0.0,
          0.0,
          1.0
        ]
      ],
      "colmap_im_id": 41
    },
    {
      "file_path": "images/frame_00042.png",
      "transform_matrix": [
        [
          -0.24093140545304456,
          0.012673038137368125,
          0.9704594025361335,
          3.527547383774103
        ],
        [
          0.902941200340251,
          -0.3637215915912267,
          0.22891874658588204,
          2.5027381109212743
        ],
        [
          0.35587813447095484,
          0.9314214931569453,
          0.07618894598797969,
          0.019841656764599744
        ],
        [
          0.0,
          0.0,
          0.0,
          1.0
        ]
      ],
      "colmap_im_id": 42
    },
    {
      "file_path": "images/frame_00043.png",
      "transform_matrix": [
        [
          -0.31123453999255785,
          0.011078540300140561,
          0.950268555230803,
          3.408109962421114
        ],
        [
          0.8858605438703181,
          -0.35864529530925726,
          0.2943206567101916,
          2.818787831766748
        ],
        [
          0.3440699898703805,
          0.9334081733611259,
          0.10180876177050024,
          0.36044304853275194
        ],
        [
          0.0,
          0.0,
          0.0,
          1.0
        ]
      ],
      "colmap_im_id": 43
    },
    {
      "file_path": "images/frame_00044.png",
      "transform_matrix": [
        [
          -0.4031573531140515,
          0.008938958289573263,
          0.9150870142531624,
          3.2329765487612745
        ],
        [
          0.8543357931505431,
          -0.35470942770642766,
          0.379857307996054,
          3.160736225072911
        ],
        [
          0.32798551975948936,
          0.9349338569764579,
          0.13536684197846152,
          0.5568586968291394
        ],
        [
          0.0,
          0.0,
          0.0,
          1.0
        ]
      ],
      "colmap_im_id": 44
    },
    {
      "file_path": "images/frame_00045.png",
      "transform_matrix": [
        [
          -0.5187955250996136,
          0.0026472143583862284,
          0.8548942597729607,
          3.0181797330930635
        ],
        [
          0.8004170830399217,
          -0.34977108214896196,
          0.4868189430067495,
          3.50302152659818
        ],
        [
          0.30030600445958605,
          0.9368314588806702,
          0.17934079663320962,
          0.702601958985719
        ],
        [
          0.0,
          0.0,
          0.0,
          1.0
        ]
      ],
      "colmap_im_id": 45
    },
    {
      "file_path": "images/frame_00046.png",
      "transform_matrix": [
        [
          -0.6073665977077041,
          -0.003925763779795704,
          0.7944119865458433,
          2.7756076403259784
        ],
        [
          0.7461762292665587,
          -0.3459947805788231,
          0.5687782051817317,
          3.7211613965078327
        ],
        [
          0.2726295120974764,
          0.9382282239364563,
          0.21307498431898256,
          0.7777868672678911
        ],
        [
          0.0,
          0.0,
          0.0,
          1.0
        ]
      ],
      "colmap_im_id": 46
    },
    {
      "file_path": "images/frame_00047.png",
      "transform_matrix": [
        [
          -0.6817856819684898,
          -0.00694603573684468,
          0.7315189925424374,
          2.4700083756736877
        ],
        [
          0.6890179018443878,
          -0.3420938120100151,
          0.6389257818576525,
          3.835181579664223
        ],
        [
          0.24581011940259365,
          0.939640131311982,
          0.23802060588798557,
          0.824602752659825
        ],
        [
          0.0,
          0.0,
          0.0,
          1.0
        ]
      ],
      "colmap_im_id": 47
    },
    {
      "file_path": "images/frame_00048.png",
      "transform_matrix": [
        [
          -0.7294759408985595,
          -0.010177407479171409,
          0.6839307509003845,
          2.1592691297336564
        ],
        [
          0.645653277399631,
          -0.34035843842936725,
          0.6835846536991873,
          4.008749965526352
        ],
        [
          0.22582448280307454,
          0.9402406892742547,
          0.2548543686103858,
          0.8230122308094032
        ],
        [
          0.0,
          0.0,
          0.0,
          1.0
        ]
      ],
      "colmap_im_id": 48
    },
    {
      "file_path": "images/frame_00049.png",
      "transform_matrix": [
        [
          -0.7765268029943284,
          -0.014761736900009313,
          0.6299112757802464,
          1.751970310828692
        ],
        [
          0.5965211151754141,
          -0.33915666928295807,
          0.7274168769218694,
          4.1942505849917975
        ],
        [
          0.20290067368366035,
          0.9406140785702629,
          0.27216993187002064,
          0.7959857470350397
        ],
        [
          0.0,
          0.0,
          0.0,
          1.0
        ]
      ],
      "colmap_im_id": 49
    },
    {
      "file_path": "images/frame_00050.png",
      "transform_matrix": [
        [
          -0.8416717147906887,
          -0.02106691244766067,
          0.5395784555754867,
          1.454298804312278
        ],
        [
          0.5143509835156509,
          -0.33552101105362425,
          0.7892203221522107,
          4.408388078905735
        ],
        [
          0.16441347352874505,
          0.9417971312026155,
          0.2932343318589014,
          0.9855568154373174
        ],
        [
          0.0,
          0.0,
          0.0,
          1.0
        ]
      ],
      "colmap_im_id": 50
    },
    {
      "file_path": "images/frame_00051.png",
      "transform_matrix": [
        [
          -0.9023147581767922,
          -0.026864117601557887,
          0.43023992883256224,
          1.1371439147633047
        ],
        [
          0.413898664744643,
          -0.33293748447507265,
          0.8472547000483466,
          4.6417640678568155
        ],
        [
          0.12048224972567606,
          0.9425661518519008,
          0.3115334281969423,
          1.2503286345679256
        ],
        [
          0.0,
          0.0,
          0.0,
          1.0
        ]
      ],
      "colmap_im_id": 51
    },
    {
      "file_path": "images/frame_00052.png",
      "transform_matrix": [
        [
          -0.9445699155615326,
          -0.032858167485382166,
          0.3266619283687386,
          0.9680198013417156
        ],
        [
          0.3184170605815683,
          -0.33410164781962864,
          0.8871226885018801,
          4.7937643817201785
        ],
        [
          0.07998906266905575,
          0.9419641340060201,
          0.3260449663767476,
          1.2935060545554584
        ],
        [
          0.0,
          0.0,
          0.0,
          1.0
        ]
      ],
      "colmap_im_id": 52
    },
    {
      "file_path": "images/frame_00053.png",
      "transform_matrix": [
        [
          -0.9678320145841013,
          -0.05175715906679762,
          0.24621614088318994,
          0.6699160418553666
        ],
        [
          0.2471759356706491,
          -0.3782539053266807,
          0.8920919458948445,
          4.883085500277292
        ],
        [
          0.046960072097642316,
          0.9242538501896806,
          0.3788793634366163,
          1.345714872442284
        ],
        [
          0.0,
          0.0,
          0.0,
          1.0
        ]
      ],
      "colmap_im_id": 53
    },
    {
      "file_path": "images/frame_00054.png",
      "transform_matrix": [
        [
          -0.9782166077994384,
          -0.07519859791012727,
          0.19348756832859573,
          0.3230818302089669
        ],
        [
          0.20629483595858883,
          -0.4559824371669893,
          0.8657496506797294,
          4.928074605145209
        ],
        [
          0.023123773095689346,
          0.8868061726598457,
          0.46156267532179784,
          1.3480510644210884
        ],
        [
          0.0,
          0.0,
          0.0,
          1.0
        ]
      ],
      "colmap_im_id": 54
    },
    {
      "file_path": "images/frame_00055.png",
      "transform_matrix": [
        [
          -0.9880087685695789,
          -0.07895362541507227,
          0.13268382819107932,
          -0.10251275968744576
        ],
        [
          0.15434583276631833,
          -0.48277372472113417,
          0.8620364810299813,
          4.830710837128083
        ],
        [
          -0.004004639471301809,
          0.8721787980412612,
          0.4891708363240861,
          1.3247753267211495
        ],
        [
          0.0,
          0.0,
          0.0,
          1.0
        ]
      ],
      "colmap_im_id": 55
    },
    {
      "file_path": "images/frame_00056.png",
      "transform_matrix": [
        [
          -0.9965375400720968,
          -0.07086104512365946,
          0.043493028303781336,
          -0.4994332901750266
        ],
        [
          0.07294754605156187,
          -0.4941608948829462,
          0.8663046031815471,
          4.673871755568251
        ],
        [
          -0.03989469578911573,
          0.8664777678927881,
          0.4976190219388979,
          1.251938798205917
        ],
        [
          0.0,
          0.0,
          0.0,
          1.0
        ]
      ],
      "colmap_im_id": 56
    },
    {
      "file_path": "images/frame_00057.png",
      "transform_matrix": [
        [
          -0.9938186136887663,
          -0.05510988852593515,
          -0.09637148578492,
          -1.0494351316516053
        ],
        [
          -0.05619684115751415,
          -0.4989154156277976,
          0.8648267590060191,
          4.4520024679427435
        ],
        [
          -0.0957417261681194,
          0.8648967037950838,
          0.4927344250554733,
          1.2222897209222363
        ],
        [
          0.0,
          0.0,
          0.0,
          1.0
        ]
      ],
      "colmap_im_id": 57
    },
    {
      "file_path": "images/frame_00058.png",
      "transform_matrix": [
        [
          -0.9718801596494221,
          -0.039092363008656136,
          -0.23220840302239631,
          -1.4799267987529332
        ],
        [
          -0.18230547651932455,
          -0.49924427527661286,
          0.8470654442453606,
          4.225325702018045
        ],
        [
          -0.14904250571858413,
          0.8655789627514807,
          0.4780788540933355,
          1.2052979230680938
        ],
        [
          0.0,
          0.0,
          0.0,
          1.0
        ]
      ],
      "colmap_im_id": 58
    },
    {
      "file_path": "images/frame_00059.png",
      "transform_matrix": [
        [
          -0.9295915441960205,
          -0.020457503975046906,
          -0.36802316705660054,
          -1.7680631401829086
        ],
        [
          -0.3100891066967504,
          -0.49635867278947277,
          0.8108469731427047,
          4.009605459261302
        ],
        [
          -0.19925939593221423,
          0.8678764649866847,
          0.4550671759805854,
          1.0587208753146058
        ],
        [
          0.0,
          0.0,
          0.0,
          1.0
        ]
      ],
      "colmap_im_id": 59
    },
    {
      "file_path": "images/frame_00060.png",
      "transform_matrix": [
        [
          -0.8846412894455743,
          -0.008060012536293737,
          -0.46620255812896194,
          -1.9781889137285569
        ],
        [
          -0.40194442483764864,
          -0.49358548894187854,
          0.7712418845264694,
          3.768073538460742
        ],
        [
          -0.23632703685783618,
          0.8696599342869152,
          0.4334064262860824,
          0.8997755937923737
        ],
        [
          0.0,
          0.0,
          0.0,
          1.0
        ]
      ],
      "colmap_im_id": 60
    },
    {
      "file_path": "images/frame_00061.png",
      "transform_matrix": [
        [
          -0.8328052790645648,
          0.0037226466763873077,
          -0.553553528634691,
          -2.3481301659582314
        ],
        [
          -0.4837622790788743,
          -0.49098606269518563,
          0.7245044814074615,
          3.505029794584072
        ],
        [
          -0.2690899933156342,
          0.8711594734265375,
          0.41069666100004987,
          0.8168933387520486
        ],
        [
          0.0,
          0.0,
          0.0,
          1.0
        ]
      ],
      "colmap_im_id": 61
    },
    {
      "file_path": "images/frame_00062.png",
      "transform_matrix": [
        [
          -0.781587571765849,
          0.012051055014823647,
          -0.6236791159997223,
          -2.6228665399686943
        ],
        [
          -0.5495211866304562,
          -0.48645688537118614,
          0.679254123372999,
          3.1939536517159386
        ],
        [
          -0.29520727143046566,
          0.8736214687998426,
          0.38683096585793786,
          0.6934683750653932
        ],
        [
          0.0,
          0.0,
          0.0,
          1.0
        ]
      ],
      "colmap_im_id": 62
    },
    {
      "file_path": "images/frame_00063.png",
      "transform_matrix": [
        [
          -0.67473820648901,
          0.02907186292831703,
          -0.7374843588103208,
          -2.8239054809655593
        ],
        [
          -0.657302675968706,
          -0.4781334762929048,
          0.5825303176766332,
          2.8159782296727984
        ],
        [
          -0.33568071864253873,
          0.8778059043056952,
          0.34172393755440866,
          0.4965875645524074
        ],
        [
          0.0,
          0.0,
          0.0,
          1.0
        ]
      ],
      "colmap_im_id": 63
    },
    {
      "file_path": "images/frame_00064.png",
      "transform_matrix": [
        [
          -0.5636949782900311,
          0.04413295231047127,
          -0.8248031607425882,
          -3.0146731980602968
